Gap_1.jpg 22 186 451 25 23 187 429 24 45 187 429 24 45 187 407 25 22 298 76 20 20 277 89 19 19 262 94 16 19 252 110 18 18 228 122 24 15 212 130 24 23 205 154 28 23 218 174 29 28 224 200 28 24 215 223 28 27 222 250 40 27 224 279 39 32 224 311 34 33 204 344 36 35 184 370 31 35 214 385 26 32 206 447 34 29 187 480 42 17
Gap_10.jpg 19 5 326 34 32 37 307 33 39 68 311 35 32 103 298 32 32 138 290 31 35 287 68 28 29 280 95 35 34 266 129 36 36 255 168 39 32 227 200 32 28 207 226 35 29 193 255 37 30 168 283 36 27 287 41 30 28 308 22 27 19 341 16 32 17 379 7 19 24 157 325 28 24 139 346 22 27
Gap_100.jpg 18 378 105 34 30 377 134 30 31 380 163 27 29 379 193 29 28 378 223 28 33 377 256 27 37 409 192 28 25 438 193 29 25 467 187 26 26 288 20 24 32 283 57 24 34 262 100 25 29 232 8 26 33 241 42 33 29 255 73 34 23 150 144 29 34 180 159 27 39 206 166 35 35
Gap_101.jpg 18 0 444 39 42 41 419 39 42 79 398 44 45 121 372 32 48 139 330 37 45 175 301 31 50 206 285 39 31 243 261 42 41 285 238 36 42 304 199 33 40 322 164 40 36 361 144 39 39 400 120 39 37 440 132 48 33 394 437 34 28 378 403 36 35 384 367 21 37 362 338 33 29
Gap_102.jpg 4 307 405 100 90 222 352 87 102 127 290 92 100 96 205 88 82
Gap_103.jpg 13 5 277 40 41 46 266 41 45 86 251 44 47 130 241 44 45 174 214 47 50 222 192 47 46 269 193 46 44 315 199 40 40 355 197 40 40 395 186 42 47 436 168 42 52 477 160 1 8 477 160 21 30
Gap_104.jpg 22 236 449 38 42 229 409 40 40 216 371 42 38 214 331 38 40 222 307 29 23 221 279 29 29 221 256 27 22 218 231 27 25 218 211 24 19 208 447 27 24 175 443 34 28 150 447 28 27 272 432 23 21 297 432 21 22 113 435 34 31 101 401 38 33 462 372 29 25 426 366 36 31 321 432 36 27 10 301 31 30 38 301 36 30 92 369 35 30
Gap_105.jpg 36 8 362 33 31 40 352 33 32 73 353 30 29 105 354 33 29 136 355 36 31 50 243 26 22 76 240 26 24 102 233 31 29 134 231 31 31 172 354 37 33 206 350 41 34 203 316 30 34 202 287 32 30 186 259 32 26 248 353 38 37 285 353 42 38 328 350 35 36 365 342 36 39 401 342 33 32 435 355 28 30 463 348 29 37 165 233 35 25 186 204 36 28 192 177 25 26 193 153 24 24 198 129 26 24 199 103 28 26 219 213 29 27 252 212 19 25 270 221 34 25 463 217 27 26 440 217 25 26 409 215 31 28 384 217 26 24 239 392 39 37 244 430 33 34
Gap_106.jpg 9 6 162 119 160 88 69 93 97 200 54 128 107 331 53 94 108 425 68 69 80 391 397 60 68 64 363 82 84 208 318 85 89 157 406 84 69
Gap_107.jpg 8 4 213 57 62 63 213 63 60 126 214 59 62 186 213 59 63 244 226 60 70 303 219 60 65 363 219 57 65 419 219 71 63
Gap_109.jpg 3 227 274 36 37 17 371 100 122 55 281 155 142
Gap_11.jpg 12 37 436 45 54 50 380 59 57 90 340 63 59 114 279 63 60 177 256 58 64 237 210 61 64 25 111 55 59 81 80 59 61 137 24 52 58 438 230 58 70 360 207 78 88 296 170 66 85
Gap_110.jpg 24 242 464 35 33 253 428 32 35 265 394 36 35 278 362 29 32 283 325 38 36 304 295 29 30 294 260 32 34 285 234 25 25 277 210 25 24 275 185 27 26 280 162 24 23 284 135 29 26 300 114 22 21 303 89 18 23 301 65 26 24 296 41 29 26 323 241 28 31 326 219 22 20 318 195 30 24 318 167 26 28 342 143 23 25 341 119 24 24 341 97 24 22 339 74 26 23
Gap_111.jpg 46 31 217 22 25 49 241 22 25 57 264 28 23 75 286 33 15 101 299 22 25 121 314 27 30 137 344 32 27 1 49 25 29 26 64 22 27 1 82 23 28 23 97 25 31 40 90 31 35 71 114 29 33 99 129 29 36 127 148 37 42 163 164 34 41 198 168 19 23 216 174 21 21 236 176 23 22 259 181 23 24 197 188 34 35 230 208 25 29 255 222 25 43 279 249 28 43 307 278 30 35 331 298 35 39 468 420 29 38 452 404 33 38 419 376 34 48 381 351 36 43 354 326 41 44 161 366 28 24 192 376 29 27 160 233 38 34 188 261 32 26 220 275 29 32 249 289 28 29 278 307 24 24 235 307 27 27 258 333 28 26 299 342 33 30 266 349 33 35 330 462 32 34 303 445 29 34 287 468 28 27 269 437 25 35
Gap_112.jpg 13 205 184 26 23 201 207 30 28 194 236 33 29 184 263 34 33 184 296 36 28 173 323 41 36 186 359 31 33 206 393 37 33 219 428 31 28 204 455 33 32 197 151 18 18 174 137 24 21 159 123 19 18
Gap_113.jpg 21 93 45 22 22 78 66 23 21 56 74 23 27 33 89 23 22 13 106 20 30 211 436 19 18 199 442 12 12 181 437 21 20 157 433 18 26 385 199 20 19 390 179 20 19 132 450 25 24 103 463 23 25 427 133 21 19 428 149 19 24 419 173 24 26 378 138 19 19 373 156 19 17 363 169 21 22 354 192 20 19 346 213 17 17
Gap_115.jpg 34 176 131 32 32 207 131 29 31 234 145 31 33 262 172 29 30 277 202 28 29 285 231 42 26 309 256 24 28 325 286 32 31 343 316 28 27 466 275 31 28 456 302 24 23 441 324 27 24 466 415 30 34 443 421 22 28 430 450 27 29 6 110 40 42 25 152 44 43 47 197 34 36 84 203 37 41 121 219 36 42 157 258 29 34 185 290 26 29 208 318 22 18 358 370 25 25 344 398 31 27 347 427 24 28 350 459 28 29 423 360 22 25 418 337 20 25 392 372 23 29 418 388 25 21 407 411 30 26 401 436 27 24 403 459 25 25
Gap_116.jpg 6 34 428 48 58 166 296 74 77 117 359 46 57 233 263 51 61 282 211 44 73 324 186 39 74
Gap_117.jpg 23 261 8 26 30 276 38 28 26 285 64 32 29 307 90 30 29 325 120 31 29 344 149 32 30 366 178 34 31 392 211 24 23 400 237 25 28 77 6 38 38 101 45 32 35 111 78 38 34 87 87 24 31 130 118 38 35 142 154 39 39 266 301 41 35 290 334 47 45 318 377 51 53 349 433 48 44 367 454 58 45 223 255 43 54 178 218 43 56 159 186 41 32
Gap_118.jpg 9 175 39 27 24 372 434 23 24 398 381 23 24 402 317 24 26 396 230 31 26 194 224 21 17 187 179 18 16 173 93 19 16 116 327 20 23
Gap_119.jpg 13 175 10 28 23 176 33 27 31 163 64 31 33 157 98 35 32 166 129 28 26 164 161 32 30 163 192 33 30 153 222 36 41 160 265 31 37 160 309 35 38 159 349 34 36 158 389 37 35 153 432 39 37
Gap_12.jpg 13 150 464 32 34 166 427 31 37 175 392 29 32 177 360 32 32 194 323 32 36 210 300 27 23 226 271 27 25 233 241 33 33 248 212 29 28 253 188 27 27 278 178 16 23 287 161 17 19 300 141 14 20
Gap_121.jpg 21 286 423 20 24 263 402 28 21 240 384 26 28 222 396 20 21 197 395 22 28 219 372 24 24 194 356 24 26 174 333 28 22 174 307 26 24 182 283 27 27 194 260 25 23 177 399 23 26 152 406 22 24 215 239 24 20 240 220 21 22 246 202 21 17 250 180 22 23 259 159 20 23 264 141 23 20 283 131 19 16 302 120 18 19
Gap_122.jpg 17 212 10 27 22 211 30 26 27 206 57 31 31 206 88 31 29 205 117 26 26 201 142 28 29 201 171 28 21 197 192 29 32 194 223 39 33 181 52 25 32 162 57 16 25 128 386 35 31 96 388 33 32 186 255 37 36 135 53 25 24 108 54 27 28 79 52 29 30
Gap_126.jpg 22 198 429 31 35 176 397 31 32 152 365 30 32 48 462 29 29 48 430 31 32 49 397 30 33 49 363 32 34 51 333 30 30 51 332 4 1 53 172 25 24 60 196 18 19 70 214 25 24 78 238 29 29 158 279 26 30 130 279 28 30 115 307 32 28 132 333 29 32 62 280 32 31 82 97 17 20 58 140 15 15 42 136 16 19 21 136 21 21
Gap_127.jpg 6 100 435 32 32 110 407 35 29 121 382 24 25 147 354 27 42 165 322 29 33 192 293 22 27
Gap_128.jpg 2 186 15 19 20 206 18 20 22
Gap_129.jpg 11 444 130 28 27 452 155 35 33 279 455 23 32 267 425 25 30 296 417 29 36 252 391 32 35 215 405 36 39 242 360 37 31 280 362 22 25 287 334 25 27 181 430 29 33
Gap_13.jpg 2 250 286 22 18 97 292 28 22
Gap_130.jpg 21 471 395 26 35 434 382 35 40 399 385 30 36 363 368 32 44 326 371 36 49 297 389 26 31 255 391 39 36 221 385 29 42 192 386 26 30 156 381 31 34 118 394 29 38 73 409 32 35 258 343 39 36 256 310 30 37 254 272 38 34 254 247 39 26 252 212 37 34 254 176 35 36 255 143 38 30 258 115 29 31 242 88 30 30
Gap_131.jpg 22 172 462 33 30 172 427 34 35 205 427 1 2 205 395 32 34 216 362 34 33 251 335 30 33 268 305 33 30 301 273 33 36 324 244 33 29 355 217 30 29 54 323 24 19 81 307 16 20 98 290 25 22 122 280 22 19 145 265 26 29 290 200 28 23 271 208 21 23 249 218 22 27 230 225 21 25 208 235 25 30 176 248 33 31 382 190 30 25
Gap_132.jpg 5 329 111 43 35 215 216 27 22 167 235 34 25 161 275 20 26 115 342 26 26
Gap_134.jpg 13 414 432 27 32 427 400 36 30 435 370 30 30 455 343 28 24 464 310 26 35 49 371 40 46 71 324 44 49 95 287 42 44 136 270 43 43 160 231 50 38 21 422 47 39 218 196 38 36 267 157 37 36
Gap_137.jpg 8 284 455 38 36 255 416 36 36 234 384 30 31 215 347 31 34 206 318 25 30 195 283 29 32 189 258 28 25 166 236 33 19