Gap_1.jpg 2 181 146 78 348 212 80 112 58
Gap_10.jpg 4 9 287 174 73 186 224 41 70 227 145 64 84 268 28 52 116
Gap_101.jpg 6 7 402 113 77 126 331 43 80 172 258 127 80 301 179 41 85 344 132 75 45 424 125 74 43
Gap_103.jpg 4 380 158 116 74 236 191 144 43 144 204 91 64 4 256 137 56
Gap_105.jpg 6 186 252 40 107 236 356 262 18 3 354 218 27 242 377 28 75 195 145 17 73 56 240 118 12
Gap_107.jpg 1 8 218 485 59
Gap_110.jpg 7 239 407 56 86 273 316 52 85 289 242 41 68 271 145 36 96 338 88 26 78 323 168 28 100 294 37 25 103
Gap_112.jpg 4 201 182 23 72 182 255 32 92 186 347 55 87 206 436 52 61
Gap_117.jpg 10 88 9 35 61 120 65 39 95 157 154 22 80 183 194 61 100 247 255 48 94 299 320 53 122 361 417 50 77 381 191 43 59 336 132 46 59 282 46 53 82
Gap_119.jpg 3 165 2 29 122 162 126 35 163 155 293 43 193
Gap_12.jpg 4 155 392 54 93 180 282 60 110 231 204 41 77 262 116 60 90
Gap_121.jpg 5 268 400 38 91 164 339 101 66 163 247 60 88 224 139 58 117 289 112 32 28
Gap_130.jpg 5 281 375 217 49 12 389 250 49 262 171 25 223 248 105 33 64 247 15 58 86
Gap_131.jpg 7 177 450 18 45 195 393 27 55 222 352 37 39 258 319 34 32 288 292 34 24 317 234 45 56 364 190 50 40
Gap_137.jpg 8 275 441 43 51 256 423 34 16 248 399 18 26 229 364 24 35 211 324 22 37 201 296 15 28 196 263 19 32 177 238 20 25
Gap_16.jpg 4 269 402 37 91 236 294 46 107 233 161 23 129 227 124 22 42
Gap_17.jpg 7 6 317 250 28 259 230 27 100 262 345 19 31 393 420 98 36 352 390 40 30 290 378 70 13 283 335 212 36
Gap_19.jpg 5 201 3 26 122 220 124 45 94 251 218 26 120 223 343 50 54 218 397 30 95
Gap_2.jpg 5 303 379 36 113 291 343 40 33 283 307 17 32 256 235 36 70 229 169 38 61
Gap_22.jpg 4 236 341 43 152 219 226 37 113 207 148 26 79 211 89 21 58
Gap_23.jpg 5 60 367 33 127 55 259 38 106 62 218 32 36 162 142 24 78 158 101 28 40
Gap_26.jpg 4 8 146 43 60 53 185 202 76 258 212 153 76 416 267 80 96
Gap_29.jpg 5 207 256 34 135 174 393 56 95 209 135 31 117 237 62 43 77 279 7 33 53
Gap_3.jpg 3 156 9 56 89 200 101 49 140 225 243 35 87
Gap_30.jpg 4 225 13 65 78 150 91 92 115 92 207 73 72 7 280 118 107
Gap_34.jpg 7 136 196 22 22 155 216 104 49 256 263 19 41 279 303 78 50 355 346 50 57 403 402 38 20 438 421 58 55
Gap_37.jpg 11 352 5 53 86 59 424 62 70 120 411 66 23 160 337 61 79 196 284 33 53 217 272 41 15 246 238 33 32 276 215 56 28 319 158 29 59 343 123 45 37 383 95 29 30
Gap_39.jpg 4 7 414 135 24 157 406 89 20 250 398 149 21 395 390 100 23
Gap_40.jpg 8 121 293 34 10 207 292 150 16 234 299 13 33 230 333 25 62 241 392 19 24 261 243 27 49 277 187 20 59 287 149 22 35
Gap_42.jpg 6 275 232 15 27 292 257 20 28 299 285 13 35 308 321 13 25 304 346 13 24 309 370 35 127
Gap_5.jpg 8 270 457 24 38 212 436 59 21 177 339 39 93 139 321 39 14 134 274 17 44 134 209 24 65 108 163 24 46 129 68 18 89
Gap_55.jpg 6 4 176 231 34 250 37 10 66 240 97 24 85 205 264 49 209 224 212 18 53 260 217 233 41
Gap_6.jpg 8 258 217 158 15 125 218 90 8 142 250 14 16 6 323 29 23 37 299 53 20 129 267 15 13 90 278 41 22 159 237 33 10
Gap_60.jpg 4 246 333 15 158 284 370 22 125 259 227 24 48 152 232 69 249
Gap_66.jpg 9 18 7 81 50 75 66 29 28 82 96 33 21 115 110 28 13 142 120 48 33 197 150 44 29 247 177 56 31 315 221 23 62 339 280 149 65
Gap_70.jpg 9 460 5 30 22 452 24 32 34 385 58 70 34 353 97 30 38 303 137 51 26 259 163 44 94 196 262 72 90 138 355 58 46 25 400 109 92
Gap_74.jpg 3 209 175 48 198 198 382 39 57 76 439 120 47
Gap_82.jpg 4 206 378 61 112 243 89 43 80 243 73 46 15 244 44 37 29
Gap_9.jpg 6 11 398 160 22 185 390 310 26 156 293 40 103 197 214 24 78 169 146 41 67 238 75 24 44
Gap_93.jpg 6 203 414 26 77 225 303 29 108 211 239 39 70 222 179 26 68 276 11 36 76 201 107 40 87
Gap_94.jpg 14 403 213 48 22 2 399 94 54 113 407 53 88 124 359 60 23 183 326 42 31 229 291 78 38 309 261 56 30 369 236 36 27 64 307 46 86 34 240 34 65 15 174 29 65 261 116 57 21 319 137 48 28 376 168 78 43
Gap_98.jpg 10 210 399 36 94 218 284 34 110 187 230 41 48 182 202 17 24 163 183 20 20 149 88 34 94 74 401 25 96 89 341 25 57 119 337 18 46 105 250 19 86
